0;Acer pseudoplatanus;10;8;0;0;0;0;245;245;245;390
0;Betula alba;10;12;0;0;0;190;190;190;324;324;324;324;324;420
0;Fraxinus excelsior;10;15;0;0;0;0;230;230;230;300;300;300;300;300;300;300;390
0;Pinus nigra;10;10;0;0;0;0;190;190;190;190;190;270
0;Pinus sylvestris;10;10;0;0;0;0;180;180;180;180;180;250
0;Populus nigra;10;14;0;0;0;190;190;190;340;340;340;340;340;340;340;430
0;Quercus ilex;10;10;0;0;0;210.28;210.28;374.19;374.19;374.19;374.19;401.94
1;Corylus Avellana;300;110
1;Spartium junceum;300;85
1;Erica multiflora;300;50
1;Genista scorpius;300;100